coefficients=[[0.20229608,0.2128063,-0.11489182,-0.76958153,-0.2130312,-0.02579938,0.23349941,-0.06487865]]
   intercept=[ 3.88161427]